*Vertices 51
0.0598815
0.0433978
0.0406958
0.0382745
0.0374901
0.0362988
0.0317179
0.0315436
0.0299843
0.0287156
0.0280086
0.0279892
0.0277471
0.0270692
0.0270692
0.0249579
0.024309
0.0242025
0.0233308
0.0232049
0.0225948
0.0223914
0.0218878
0.0216166
0.0211905
0.01936
0.0189726
0.0188758
0.0182656
0.0170744
0.0165417
0.0161253
0.0128034
0.0125225
0.00973328
0.00970422
0.00891007
0.00860984
0.00844519
0.00796095
0.0073508
0.00700215
0.00656633
0.00470684
0.0038352
0.0037093
0.00368024
0.00364151
0.00357371
0.00340907
0.00305073
