89 121 143 172 226 261 352 366 488 566 622 648 674 694 714 771 919 987 1009 1022 1042 1082 1235 1720 1833 1928
1 26 50 63 107 179 185 223 225 247 273 283 284 358 361 416 441 478 551 597 607 614 642 650 656 669 670 684 695 712 718 780 839 867 887 897 930 949 972 978 995 999 1007 1071 1079 1083 1153 1170 1210 1229 1331 1345 1347 1414 1415 1443 1461 1511 1566 1587 1631 1634 1663 1747 1763 1829 1878 1882 1905 1927 1944 1951 1962 1986
46 47 88 94 165 166 218 257 260 266 383 494 582 638 654 779 794 806 853 884 973 1070 1160 1224 1234 1323 1342 1368 1372 1428 1430 1494 1525 1531 1534 1567 1582 1585 1589 1594 1595 1601 1618 1642 1653 1683 1727 1744 1762 1826 1859 1900 1996
9 38 77 81 96 124 164 187 254 292 306 360 406 460 509 537 560 644 724 735 825 850 856 859 934 1002 1055 1108 1132 1133 1146 1175 1188 1198 1203 1241 1271 1283 1313 1373 1436 1452 1475 1504 1527 1563 1565 1593 1599 1616 1662 1702 1715 1725 1750 1864 1865 1866 1880 1892 1916 1948 1949 1954 1975 1997
28 86 106 163 188 197 209 224 239 293 309 317 329 1358
87 114 152 184 264 337 348 442 454 543 549 571 594 612 640 643 673 688 702 711 734 753 757 784 802 820 833 905 961 984 1056 1068 1101 1118 1173 1193 1209 1268 1270 1292 1312 1315 1320 1354 1363 1388 1397 1399 1400 1402 1422 1497 1536 1538 1597 1600 1627 1649 1654 1669 1682 1684 1703 1730 1735 1768 1786 1800 1809 1816 1823 1843 1862 1876 1889 1895 1897 1918 1924 1925 1937 1955 1956 1958 1967 1970 1985 1989 2000
2 3 35 43 59 111 122 167 538 570 1048 1590
40 58 130 142 181 234 325 351 359 405 447 517 555 627 630 639 667 720 738 752 810 823 874 954 1018 1027 1089 1143 1183 1247 1265 1316 1317 1386 1426 1438 1444 1457 1529 1537 1539 1570 1635 1736 1746 1749 1791 1817 1820 1867 1868 1908 1987
19 24 29 72 80 112 178 194 195 241 1487 1609
60 62 102 198 249 490 534 568 573 583 603 605 647 889 922 928 1030 1050 1158 1164 1196 1201 1284 1286 1341 1374 1380 1413 1441 1466 1477 1574 1934 1941
137 255 378 411 424 445 572 592 617 632 701 725 726 809 819 864 936 970 1024 1449 1622 1693
30 93 127 278 316 321 349 375 420 473 475 498 512 531 584 697 748 755 759 789 795 876 1135 1144 1192 1213 1291 1383 1403 1433 1434 1435 1440 1512 1517 1521 1607 1626 1656 1704 1717 1740 1806 1812 1819 1870 1883 1884 1979 1984 1992
16 83 95 133 135 171 175 203 238 256 297 312 933
159 186 235 243 265 303 355 371 417 435 450 461 476 486 497 565 600 629 663 838 900 937 979 986 1014 1043 1063 1072 1080 1096 1119 1262 1273 1282 1338 1366 1468 1506 1579 1687 1689 1692 1813 1869 1923
53 64 76 123 131 211 311 419 482 485 528 652 761 767 925 992 1045 1052 1087 1445 1562 1734
12 37 54 67 180 182 244 253 269 279 289 305 341 373 457 480 484 495 518 519 542 552 569 602 611 653 659 687 689 728 744 768 836 904 1044 1065 1066 1103 1104 1116 1161 1171 1186 1255 1276 1287 1296 1297 1307 1311 1321 1344 1348 1382 1442 1459 1498 1501 1560 1617 1655 1671 1681 1711 1713 1742 1764 1787 1795 1803 1832 1842 1855 1873 1888 1919 1936 1960 1974
79 174 270 296 319 324 346 423 440 574 580 589 665 668 696 709 723 740 742 813 855 861 911 927 940 1035 1076 1112 1138 1204 1275 1305 1409 1490 1491 1495 1578 1613 1678 1694 1707 1732 1761 1784 1828 1834 1835 1838 1853 1945 1959
15 110 128 217 285 332 384 407 414 434 446 459 575 609 685 772 787 827 846 866 912 948 1016 1028 1040 1074 1166 1359 1395 1465 1492 1547 1554 1569 1571 1748 1757 1758 1772 1854
119 328 362 433 462 505 532 606 618 623 699 834 894 935 963 985 993 1029 1037 1060 1088 1628 1755 1775
90 100 101 132 170 196 212 327 425 427 452 616 635 658 707 719 751 760 831 909 966 1049 1061 1115 1206 1285 1325 1339 1352 1364 1393 1439 1455 1463 1469 1493 1500 1548 1561 1588 1603 1666 1780 1798 1815 1847 1857 1999
56 65 215 236 391 456 506 765 818 835 896 914 916 923 955 996 1047 1095 1136 1390 1450 1620 1633 1983
10 42 61 109 193 221 240 248 271 290 354 429 437 439 443 455 514 736 745 769 873 944 950 974 1013 1015 1019 1053 1110 1121 1127 1147 1221 1249 1259 1304 1309 1332 1356 1370 1467 1479 1485 1510 1513 1542 1586 1602 1608 1643 1648 1712 1726 1771 1777 1802 1818 1845 1852 1856 1874 1906 1907 1917 1957 1965 1990
104 189 263 280 320 340 343 387 404 426 472 508 521 541 620 641 651 690 716 817 829 840 854 883 913 1008 1059 1176 1180 1216 1219 1226 1327 1334 1335 1458 1462 1526 1596 1598 1664 1674 1677 1752 1776 1799 1814 1827 1877 1890 1914 1915 1926 1942 1969 1972 1993
23 39 129 153 232 276 288 326 334 469 479 535 557 598 599 613 619 681 706 830 870 881 952 983 1091 1105 1150 1208 1215 1308 1336 1419 1496 1505 1508 1540 1553 1580 1668 1699 1710 1723 1796
97 272 275 299 304 380 468 487 489 499 525 548 682 703 729 733 845 862 872 885 892 926 958 1058 1073 1090 1151 1242 1280 1295 1355 1423 1460 1541 1550 1591 1640 1647 1657 1660 1672 1722 1733 1737 1759 1778 1830 1836 1846 1860 1881 1887 1896 1935 1938 1943 1950
13 27 116 201 219 259 282 322 345 363 368 399 408
34 78 162 200 335 339 369 401 415 579 596 710 731 790 799 947 988 1078 1120 1137 1200 1232 1256 1274 1278 1337 1362 1376 1384 1515 1544 1624 1982
108 117 389 392 463 471 503 522 561 683 692 739 788 804 967 976 1031 1099 1113 1122 1212 1220 1222 1245 1252 1302 1369 1431 1447 1451 1453 1481 1543 1555 1556 1557 1558 1576 1592 1658
41 92 149 330 347 516 625 633 693 730 777 798 875 903 906 921 942 960 968 982 1130 1157 1190 1225 1240 1258 1340 1427 1464 1478 1489 1549 1614 1676 1688 1872 1947 1980
7 31 68 70 113 120 126 136 140 156 168 210 679
18 228 267 291 491 576 578 586 637 770 776 842 843 938 964 980 981 997 1025 1081 1098 1114 1131 1195 1238 1239 1281 1349 1371 1404 1411 1524 1532 1606 1697 1701 1708 1729 1738 1745 1851 1952 1953
161 222 227 245 274 342 511 661 675 758 786 811 890 939 1064 1093 1978
20 115 158 191 202 250 294 295 546 554 615 634 756 812 882 962 977 1000 1005 1012 1021 1041 1057 1106 1134 1237 1319 1389 1417 1499 1509 1611 1621 1630 1651 1700 1731 1743 1765 1767 1773 1790 1805 1810 1811 1858 1946
66 246 302 307 338 344 545 588 660 754 762 785 821 824 868 915 917
45 151 252 353 356 400 436 453 507 550 628 676 796 815 902 946 969 1051 1100 1124 1163 1251 1253 1260 1266 1324 1333 1350 1424 1429 1473 1581 1629 1659 1685 1721 1753 1756 1774 1779 1963
6 99 177 315 412 466 524 526 559 563 595 626 655 705 763 891 898 941 957
32 183 230 403 428 448 449 464 477 1418 1638 1940
57 103 118 145 310 313 314 374 431 451 529 530 610 717 797 801 848 858 878 1075 1167 1178
410 493 496 577 727 747 793 837 847 877 901 931 1026 1033 1036 1148 1159 1174 1230 1257 1277 1351 1379 1410 1416 1488 1514 1528 1632 1639
69 138 160 169 205 208 214 216 233 286 377 1583
82 139 150 154 204 229 251 268 300 367 483 540 657 677 713 721 749 766 774 782 816 907 1084 1092 1140 1145 1211 1288 1293 1361 1412 1484 1486 1516 1518 1519 1545 1564 1568 1584 1623 1625 1646 1716 1718 1770 1782 1783 1789 1801 1840 1841 1922 1964 1966 1968 1976 1977 1988 1994
8 11 71 75 85 98 105 125 173 298 333 382 386 409 470 515 646 775 778 783 805 807 849 863 869 943 1149 1243 1248 1254 1322 1357 1502 1559 1679 1719 1728 1804 1824 1839 1861 1909
73 84 141 144 146 157 207 262 365 388 390 393 604 722 737 764 773 844 886 924 1011 1123 1162 1202 1250 1269 1294 1398 1408 1448 1533 1552 1610 1636 1661 1698 1739 1863
231 258 372 397 422 458 523 608 662 686 732 792 826 832 857 971 1004 1017 1069 1129 1156 1187 1223 1227 1244 1310 1343 1476 1520 1615 1619 1686 1695 1797 1808 1825 1849 1875 1879 1893 1894 1912
237 350 385 396 465 500 501 581 624 715 828 910 965 975 998 1006 1067 1142 1168 1172 1179 1207 1261 1267 1290 1299 1314 1328 1378 1394 1471 1530 1572 1645 1667 1690 1760 1769 1793 1837 1850 1904 1911 1932
5 148 206 213 364 430 438 467 527 544 562 585 593 631 678 803 841 860 899 932 945 994 1039 1109 1125 1152 1185 1189 1194 1197 1272 1298 1353 1360 1375 1396 1406 1437 1535 1546 1573 1605 1637 1652 1670 1714 1741 1751 1754 1785 1844 1885 1898 1903 1910 1929 1930 1939 1961 1973 1991
4 52 74 134 147 277 481 513 536 564 567 591 601 645 671 680 698 700 708 750 791 851 879 888 959 990 1010 1020 1023 1155 1184 1214 1279 1300 1329 1365 1367 1385 1387 1401 1407 1446 1454 1472 1507 1551 1577 1612 1641 1644 1650 1691 1709 1807 1821 1822 1848 1901 1931 1971 1981 1995 1998
91 421 520 590 814 822 871 893 929 989 991 1001 1054 1077 1139 1154 1182 1205 1246 1301 1318
51 155 192 242 331 394 432 492 502 587 741 746 852 920 951 1062 1094 1165 1169 1199 1346 1377 1480 1482 1503
14 22 44 48 55 190 199 318 323 370 376 381 402 418 504 539 636 666 672 800 895 953 1003 1038 1097 1111 1128 1141 1177 1264 1326 1330 1391 1405 1432 1456 1604 1673 1696 1705 1706 1766 1781 1792 1794 1871 1886 1891 1899 1913 1920 1933
17 33 36 49 281 287 301 379 398 413 444 510 533 547 553 556 621 649 743 908 1032 1085 1086 1102 1218 1228 1233 1381 1392 1470 1523
21 25 176 220 308 336 357 395 474 558 664 691 704 781 808 865 880 918 956 1034 1046 1107 1117 1126 1181 1191 1217 1231 1236 1263 1289 1303 1306 1420 1421 1425 1474 1483 1522 1575 1665 1675 1680 1724 1788 1831 1902 1921
