31 49 53 215 241 256 258 268 462 523 545 671 689 1021 1092 1252 1372 1509 1757 1770 
378 423 515 552 676 918 936 946 1042 1050 1064 1082 1157 1273 1275 1411 1450 1506 1523 1641 1684 1686 1715 1775 1792 1905 1916 
519 623 699 857 872 912 962 998 1053 1186 1204 1306 1480 1563 1607 1640 1665 1681 1722 1859 
11 128 169 239 254 320 495 648 747 786 930 1018 1246 1310 1426 1460 1474 1543 1562 1614 1856 
90 237 273 284 293 427 463 466 490 491 658 839 840 983 1112 1175 1262 1357 1510 1594 1628 1741 1765 
16 56 84 482 519 548 649 722 752 847 849 940 941 965 1038 1129 1144 1156 1484 1541 1592 1600 1807 
81 173 267 319 374 628 761 911 912 944 993 1023 1091 1196 1256 1372 1433 1759 1793 1866 1890 1953 
27 80 129 162 437 493 599 635 678 909 1110 1155 1386 1405 1408 1583 1603 1690 1923 
177 244 382 458 459 574 615 617 792 826 878 958 998 1191 1209 1272 1417 1541 1654 1669 1834 
186 200 219 295 297 308 402 410 422 431 659 846 858 900 993 1093 1150 1360 1368 1396 1440 1490 1704 1707 1815 1836 
3 33 100 116 175 268 342 507 515 588 644 656 729 1014 1144 1190 1228 1279 1402 1453 1464 1730 1920 
103 246 319 518 661 668 708 723 913 1085 1123 1151 1207 1270 1282 1315 1540 1548 1640 1766 1810 1928 
2 280 305 345 357 394 697 738 984 1030 1069 1077 1135 1196 1203 1218 1234 1326 1367 1422 1479 1480 1492 1516 1610 1689 
38 64 94 118 134 157 286 438 563 731 756 1114 1180 1208 1347 1362 1382 1441 1510 1636 1651 1849 
63 70 110 132 157 158 226 396 425 523 595 687 719 802 811 989 1068 1100 1197 1268 1487 1491 1557 1608 1688 1712 1721 1786 1787 1842 1973 
413 689 749 781 819 903 911 1071 1167 1219 1288 1315 1350 1366 1511 1514 1516 1625 1658 1665 1741 1895 1916 1966 1988 
222 415 458 598 618 655 697 804 812 822 871 987 1062 1140 1213 1272 1273 1373 1381 1463 1531 1617 1672 1793 1935 
395 534 1127 1183 1299 1473 1492 1587 1667 1698 1915 1928 1934 1935 1941 1996 
43 168 191 243 343 411 493 582 666 708 772 899 1024 1068 1105 1228 1271 1318 1332 1359 1686 1718 1733 1739 1749 1866 1874 1890 1977 1993 
199 242 432 469 688 784 811 815 906 1001 1018 1049 1088 1090 1133 1185 1280 1291 1313 1345 1360 1365 1407 1448 1466 1496 1517 1622 1631 1653 1654 1709 1869 1909 1914 1950 1965 
86 106 318 368 422 616 674 703 759 761 817 821 870 1168 1249 1271 1334 1455 1494 1508 1587 1622 1672 1779 1974 
73 137 210 228 231 250 420 491 538 628 629 805 878 902 907 939 950 1076 1157 1173 1225 1298 1307 1389 1406 1536 1555 1564 1576 1668 1720 1722 1732 1788 1799 1818 1841 1949 1973 1974 1975 2000 
63 91 321 324 333 379 385 391 411 681 726 764 865 911 928 1134 1217 1400 1413 1461 1552 
47 220 225 247 259 493 514 557 560 645 828 923 949 955 1070 1129 1260 1329 1567 1632 1691 1954 
198 203 278 459 517 595 630 744 767 858 1013 1059 1169 1330 1341 1350 1472 1716 1745 1747 1802 
279 314 329 844 950 968 1017 1058 1331 1499 1657 1670 1841 1899 
510 610 851 875 1204 1806 1900 1909 
78 211 315 432 532 594 635 667 762 769 825 893 926 1104 1125 1192 1229 1349 1567 1851 1888 
12 288 354 580 633 673 763 811 841 882 1137 1179 1211 1328 1380 1440 1532 1686 1699 1782 1800 1820 1880 
35 134 176 204 224 366 691 815 899 909 944 1093 1108 1217 1241 1367 1391 1442 1506 1581 1606 1687 1691 1767 1806 1811 1832 1857 1967 
453 608 706 836 919 1005 1250 1251 1286 1289 1579 1715 1879 1972 
10 13 201 248 253 293 383 424 625 698 822 825 962 974 988 1138 1166 1275 1385 1411 1546 1579 1616 1758 1824 1876 1935 
451 530 604 798 916 1090 1418 1540 1598 1697 
438 466 607 621 646 799 806 833 958 979 1001 1082 1310 1381 1409 1422 1477 1664 1685 1708 1826 1829 1847 1945 
73 718 793 910 1084 1157 1337 1424 1600 1729 1864 1977 1980 
352 470 623 748 927 1108 1181 1218 1393 1630 1653 1822 1903 
56 160 257 450 673 686 791 861 1003 1146 1215 1244 1266 1397 1419 1500 1514 1518 1621 1677 1748 1921 1934 1960 
399 420 601 621 646 707 745 789 830 852 880 1033 1036 1243 1280 1454 1490 1674 1835 1839 
1 143 186 221 224 300 452 516 828 838 872 1238 1247 1317 1438 1503 1535 1638 1682 1713 1776 1892 
355 619 638 699 1061 1098 1519 1599 1604 1747 1793 1896 
37 104 213 492 592 666 701 725 837 927 1073 1075 1122 1144 1184 1224 1282 1380 1399 1429 1440 1577 1608 1623 1627 1733 1973 
34 358 607 620 650 672 836 849 858 961 1076 1328 1362 1369 1371 1431 1495 1503 1572 1604 1664 1681 1736 1801 1891 
12 57 213 263 276 296 489 558 679 690 693 742 744 918 925 953 957 1008 1015 1089 1120 1193 1283 1523 1525 1577 1797 1805 1894 
298 319 649 834 1177 1199 1430 1546 1690 1754 1755 1941 
239 387 404 460 529 547 639 680 740 1143 1163 1172 1341 1352 1584 1609 1668 1696 1699 1752 1760 1767 1777 1803 1972 
33 85 185 303 350 417 459 508 561 592 607 622 649 692 738 740 743 760 802 830 1047 1053 1055 1057 1149 1170 1265 1345 1380 1421 1593 1597 1681 1930 1943 1944 1966 
46 66 138 153 259 470 565 582 654 668 683 753 773 776 832 833 924 961 1101 1118 1302 1377 1430 1533 1559 1743 1748 1764 1813 1821 1854 
125 143 205 233 306 359 449 482 698 774 800 816 937 989 1060 1102 1214 1222 1395 1505 1647 1673 1811 
36 98 298 375 534 677 853 947 1126 1130 1165 1362 1416 1615 1672 1692 1820 1904 
59 77 367 420 528 567 741 782 896 966 982 998 1020 1235 1253 1319 1320 1407 1498 1664 1677 1734 
76 376 461 466 526 887 992 1022 1029 1107 1199 1239 1253 1321 1507 1513 1568 1728 1924 
131 278 361 567 601 663 673 716 775 857 860 963 1182 1322 1390 1469 1491 1539 1633 1683 1909 
294 424 434 473 488 510 564 626 750 753 783 790 793 877 950 1037 1086 1099 1153 1159 1187 1192 1221 1593 1594 1626 1753 1754 1849 1874 1941 1969 1993 
44 437 602 1055 1098 1224 1276 1382 1383 1423 1455 1466 1525 1547 1684 1742 1883 1964 
169 195 380 459 479 553 587 620 861 897 938 1102 1124 1175 1212 1256 1317 1337 1434 1455 1495 1500 1538 1561 1631 1634 1645 1655 1669 1686 1695 1866 1898 1932 1990 1991 
8 141 173 361 377 403 422 529 582 691 736 895 990 991 1470 1491 1646 1671 1709 1714 1750 1755 1795 1808 1826 1875 1901 1946 
255 342 392 477 491 745 768 831 894 903 942 1062 1086 1090 1158 1169 1346 1347 1371 1417 1445 1453 1468 1501 1527 1580 1739 1772 1823 1925 1957 
39 161 212 292 446 712 766 1167 1173 1344 1502 1575 1675 1726 1741 1784 1838 1858 1898 
58 75 219 238 251 342 448 506 512 727 850 870 1139 1275 1287 1374 1528 1545 1605 1744 1746 1782 1791 1837 1852 1949 1967 1989 
651 720 779 809 826 1007 1178 1221 1297 1365 1543 1550 1667 1707 1773 1840 
50 108 113 126 151 166 185 222 251 421 454 485 565 571 660 678 756 758 811 863 902 928 934 957 978 1002 1024 1029 1049 1121 1161 1169 1202 1207 1214 1243 1249 1283 1321 1356 1368 1372 1439 1513 1514 1547 1581 1643 1646 1647 1669 1685 1687 1715 1734 1754 1777 1790 1805 1834 1855 1862 1872 1905 1912 1952 
11 48 82 94 140 189 284 433 448 557 772 842 844 881 967 1016 1040 1078 1142 1178 1238 1299 1309 1323 1352 1361 1375 1406 1442 1443 1467 1488 1553 1602 1619 1621 1637 1706 1718 1744 1815 1880 1958 1978 1998 
25 101 220 270 348 365 441 447 458 477 550 552 625 639 730 782 882 895 909 1077 1112 1124 1248 1269 1314 1324 1342 1449 1472 1474 1487 1535 1860 1887 1968 
71 339 405 427 463 623 663 734 853 1008 1113 1188 1198 1296 1373 1447 1460 1531 1573 1612 1675 1682 1804 1810 1872 1896 1960 1986 
37 221 260 542 717 773 846 1177 1200 1327 1376 1517 1527 1641 1679 1708 1788 1797 1874 1884 1918 1939 1961 1987 
22 86 99 146 183 236 261 373 409 516 570 718 735 952 1005 1039 1065 1078 1176 1263 1269 1305 1327 1582 1603 1638 1644 1651 1654 1684 1765 1788 1877 1936 1938 
115 248 283 499 596 599 615 682 684 692 814 816 1054 1064 1173 1257 1274 1282 1290 1319 1322 1388 1527 1712 1945 1959 
72 76 135 327 388 418 465 472 513 528 574 583 829 990 1034 1108 1111 1114 1294 1298 1320 1342 1351 1489 1530 1564 1626 1785 1798 1816 1830 1852 
206 269 338 386 503 555 616 634 756 949 975 1056 1193 1241 1297 1339 1353 1589 1601 1727 1755 1767 1888 1924 1947 1968 
15 60 227 332 435 628 752 859 942 1039 1141 1306 1314 1358 1457 1590 1805 1862 1867 1882 1897 1899 1906 1991 
369 475 500 907 1263 1333 1368 1553 1769 1806 1809 1843 1938 
193 265 336 418 536 583 707 715 757 835 842 959 967 1098 1276 1292 1295 1326 1334 1351 1355 1393 1404 1477 1553 1589 1596 1628 1677 1690 1725 1728 1737 1764 1799 1813 1859 1900 1922 1945 1993 
174 234 310 419 484 856 1115 1442 1462 1500 1607 1652 1789 1857 1929 1979 
32 307 363 373 568 854 874 888 1000 1091 1109 1199 1213 1341 1354 1384 1451 1453 1484 1574 1592 1613 1620 1675 1732 1743 1889 
190 231 340 739 761 903 914 1012 1065 1281 1404 1470 1546 1552 1598 1685 1707 1709 1798 1834 1864 1876 1920 1979 1999 
309 488 537 590 717 737 941 1001 1029 1125 1244 1261 1323 1351 1528 1583 1627 1730 1851 1859 1880 
566 657 971 999 1120 1303 1407 1420 1630 1779 1791 1936 
99 393 431 451 481 662 736 804 823 963 969 1097 1195 1237 1308 1626 1683 1737 1781 
69 156 179 346 564 763 1006 1025 1101 1114 1376 1394 1403 1677 1773 1777 1803 1863 1978 
233 301 406 498 713 940 1107 1386 1415 1483 1628 1747 1942 
123 281 317 365 474 724 956 1051 1311 1387 1391 1521 1565 1803 
120 171 304 416 615 710 912 922 1065 1209 1304 1436 1466 1588 1663 1740 1757 1759 1790 1837 
685 1052 1191 1322 1572 1693 1701 1710 1718 1725 1780 1873 
65 357 430 450 473 507 511 639 793 814 865 898 1045 1118 1253 1277 1305 1436 1449 1596 1723 1762 1818 
199 440 795 849 873 993 1212 1364 1378 1447 1475 1515 
80 178 249 932 1088 1111 1239 1261 1274 1314 1320 1374 1437 1560 1592 1663 1747 1783 1947 1954 
2 105 180 232 242 543 554 581 722 796 902 933 935 977 997 1105 1147 1152 1276 1293 1423 1428 1434 1585 1606 1642 1775 1948 1981 1995 
202 245 291 322 362 444 456 581 725 760 841 851 852 937 1133 1235 1326 1360 1410 1447 1504 1529 1534 1603 1624 1793 1804 1811 1865 1934 1949 1975 
282 341 442 458 845 855 975 1019 1035 1054 1110 1125 1214 1392 1421 1533 1591 1719 1774 1879 
48 52 93 253 435 495 559 613 622 653 723 729 931 950 958 1305 1376 1600 1681 1753 1829 1881 1909 1925 1931 1988 
117 192 216 326 424 463 483 553 606 908 1000 1251 1264 1279 1494 1543 1598 1641 1653 1682 1752 1823 1864 1873 
29 269 360 535 541 734 848 878 1148 1343 1542 1661 1838 
145 235 522 780 821 1002 1066 1081 1162 1194 1294 1337 1374 1381 1426 1468 1481 1482 1488 1846 1861 1911 
114 196 335 378 735 761 985 1233 1267 1444 1584 1655 1689 1692 1701 1702 1723 1778 1786 1964 
62 274 344 370 531 746 833 864 898 1060 1083 1202 1205 1206 1292 1395 1482 1643 1828 1853 1867 1882 1907 1971 
478 525 765 864 970 1004 1072 1153 1318 1324 1496 1537 1570 1763 1857 1940 1962 1963 
208 306 577 663 741 815 820 956 1188 1379 1396 1574 1593 1634 1676 1753 1758 1820 1827 
24 92 150 155 207 287 311 544 652 790 839 850 946 1078 1092 1150 1164 1223 1240 1245 1323 1363 1533 1815 1912 1931 1983 
102 271 613 641 1131 1184 1444 1571 1619 1691 1705 1774 1814 1878 
9 60 83 144 148 164 275 469 494 496 546 675 879 892 1187 1356 1366 1432 1512 1656 1724 1740 1780 1803 1845 1932 
192 483 486 553 636 642 694 818 1116 1264 1285 1368 1428 1497 1515 1627 
126 129 216 316 394 643 684 900 1027 1115 1126 1168 1220 1252 1298 1336 1403 1465 1478 1691 1742 1745 1842 1865 1913 1982 2000 
266 313 521 578 660 711 817 1071 1179 1346 1371 1470 1580 1637 1754 1771 1800 1926 
82 105 128 370 397 437 471 602 712 784 861 1055 1098 1291 1307 1381 1455 1516 1547 1573 1623 1683 1883 
89 198 273 302 477 549 670 806 808 1154 1227 1277 1290 1296 1385 1386 1396 1429 1433 1435 1486 1648 1700 1844 
142 803 1237 1460 1520 1542 1621 1817 1886 1914 1969 
172 272 443 532 657 686 723 884 896 965 1219 1338 1471 1633 1655 1673 1719 1840 1877 1905 1936 
40 184 193 383 462 609 624 632 976 978 1106 1348 1354 1526 1532 1703 1878 1925 1927 
7 328 402 434 488 520 656 705 813 843 889 920 929 1089 1259 1305 1328 1388 1402 1444 1472 1481 1486 1516 1540 1573 1585 1607 1610 1618 1745 1761 1840 1883 1889 1933 1976 1979 
426 545 603 637 700 721 760 777 876 1006 1063 1073 1087 1244 1255 1305 1325 1340 1479 1564 1646 1700 1702 
22 51 93 262 425 441 509 595 611 640 667 686 714 719 775 819 890 964 1003 1155 1171 1238 1256 1313 1375 1485 1594 1610 1616 1669 1708 1818 1828 1860 
18 111 194 343 576 665 688 1096 1145 1171 1370 1549 1678 1871 1885 1929 1930 1942 1996 
19 61 197 490 545 575 614 728 770 995 1019 1023 1094 1155 1269 1270 1519 1762 1825 1948 
17 82 119 180 214 218 242 384 738 756 959 985 1042 1045 1122 1131 1198 1316 1367 1372 1410 1449 1483 1541 1583 1632 1645 1680 1694 1731 1780 1911 1937 
121 124 327 356 597 862 890 972 1031 1041 1216 1281 1427 1446 1539 1605 1621 1831 
45 147 832 948 1445 1478 1566 1683 1687 1712 1881 1910 1937 1950 1980 1982 1984 
15 299 322 476 580 867 868 896 962 980 1091 1180 1208 1347 1365 1417 1454 1501 1719 1753 
8 31 95 178 337 401 408 527 533 567 584 658 695 790 835 869 905 931 961 1227 1258 1539 1570 1649 1658 2000 
26 325 364 455 548 666 773 890 894 905 914 925 1006 1128 1261 1335 1345 1485 1490 1646 1731 1760 1802 1853 1885 1913 1924 
290 312 556 784 1165 1353 1538 1555 1563 1616 1668 1688 1714 1890 1924 1945 1956 1999 
381 436 579 704 814 1040 1160 1219 1226 1665 1711 1824 1835 1868 1890 1965 
5 20 23 74 112 464 979 1047 1094 1152 1361 1401 1547 1639 1700 1794 1812 1955 
71 109 153 363 405 447 511 549 658 687 701 709 716 727 785 822 879 885 904 986 1115 1156 1448 1454 1465 1528 1556 1735 1818 1833 1871 1884 1921 1990 
158 308 389 429 455 562 722 778 886 944 959 967 971 1019 1026 1084 1140 1328 1425 1441 1481 1505 1522 1588 1678 1708 1798 1816 1817 1855 1919 
42 349 496 573 629 714 733 754 799 845 966 997 1001 1011 1063 1067 1189 1229 1242 1388 1390 1522 1534 1551 1561 1586 1611 1659 1675 1690 1722 1738 1758 1794 1803 1855 1870 1873 1897 1907 1908 1917 1999 
14 30 130 152 289 669 715 777 779 808 810 826 884 917 969 992 1046 1108 1190 1236 1289 1470 1569 1581 1635 1661 1704 1727 1728 1730 1756 1817 1851 1854 1958 1971 1985 1999 
79 119 154 159 170 398 518 563 612 720 746 797 847 863 881 900 933 990 1009 1028 1087 1102 1103 1187 1201 1229 1233 1301 1331 1339 1363 1386 1387 1389 1412 1425 1458 1464 1544 1551 1625 1644 1767 1783 1801 1809 1822 1832 1886 1940 
26 36 133 209 225 230 270 325 334 367 371 524 539 555 656 671 688 760 867 884 934 936 973 983 996 997 1039 1043 1136 1222 1280 1312 1326 1338 1378 1398 1435 1485 1486 1504 1524 1565 1573 1637 1645 1717 1744 1756 1768 1786 1817 1838 1839 1845 1908 1911 1930 1931 1952 1957 1958 1959 1963 1985 1990 2000 
264 285 400 502 505 630 647 669 690 797 893 933 987 1119 1121 1163 1217 1238 1245 1322 1357 1361 1374 1383 1409 1414 1438 1442 1451 1467 1492 1538 1557 1582 1599 1605 1606 1633 1638 1661 1667 1684 1733 1737 1771 1823 1852 1860 1875 1911 1918 1926 1951 1964 1979 1985 1987 1989 
943 
1048 
4 
1970 
1997 
149 
1893 
6 
217 
1476 
1554 
1558 
1662 
1992 
891 
1848 
1902 
1994 
439 
901 
1132 
1666 
1819 
21 
1278 
467 
1232 
1493 
28 
1032 
1850 
1751 
330 
1300 
1459 
1650 
41 
1796 
1284 
801 
788 
1254 
1578 
351 
824 
54 
55 
1231 
412 
1010 
1456 
1230 
1595 
67 
457 
68 
807 
223 
751 
1660 
165 
497 
88 
981 
87 
428 
787 
96 
97 
1044 
1074 
107 
951 
1210 
353 
1629 
954 
122 
994 
664 
127 
631 
589 
136 
414 
732 
1452 
139 
323 
487 
755 
585 
569 
702 
827 
696 
163 
167 
229 
445 
1095 
181 
960 
182 
187 
188 
593 
390 
945 
551 
921 
240 
252 
372 
591 
771 
605 
331 
480 
277 
1079 
1174 
407 
572 
504 
347 
540 
501 
1080 
883 
468 
866 
600 
627 
1117 
915 
794 
586 
