0	1	28
0	2	81
0	3	42
0	4	35
0	5	84
0	6	88
0	7	42
0	8	87
0	9	54
0	10	118
0	11	8
0	12	13
0	13	46
0	14	69
0	15	34
0	16	63
0	17	39
0	18	87
0	19	24
0	20	74
0	21	19
0	22	40
0	23	32
0	24	41
0	25	43
0	26	3
0	27	75
0	28	19
0	29	28
0	30	8
0	31	6
0	32	15
0	33	45
0	34	14
0	35	10
0	36	31
0	37	42
0	38	5
0	39	11
0	40	20
0	41	6
0	42	4
0	43	19
0	44	8
0	45	9
0	46	64
0	47	102
0	48	56
0	49	78
0	50	39
0	51	55
0	52	1
1	2	60
1	3	23
1	4	9
1	5	35
1	6	34
1	7	23
1	8	59
1	9	24
1	10	22
1	11	4
1	12	8
1	13	9
1	14	38
1	15	27
1	16	16
1	17	21
1	18	24
1	19	10
1	20	39
1	21	2
1	22	18
1	23	12
1	24	12
1	25	22
1	26	1
1	27	23
1	28	11
1	29	13
1	30	4
1	31	3
1	32	6
1	33	17
1	34	7
1	35	5
1	36	5
1	37	19
1	38	6
1	39	7
1	40	6
1	41	2
1	42	1
1	43	4
1	44	11
1	45	7
1	46	21
1	47	21
1	48	24
1	49	36
1	50	13
1	51	41
1	53	1
2	3	51
2	4	39
2	5	73
2	6	108
2	7	74
2	8	89
2	9	61
2	10	57
2	11	16
2	12	18
2	13	29
2	14	87
2	15	45
2	16	59
2	17	35
2	18	55
2	19	27
2	20	54
2	21	12
2	22	31
2	23	39
2	24	35
2	25	30
2	26	7
2	27	50
2	28	18
2	29	18
2	30	7
2	31	4
2	32	13
2	33	64
2	34	19
2	35	34
2	36	10
2	37	46
2	38	10
2	39	37
2	40	14
2	41	9
2	42	8
2	43	26
2	44	21
2	45	5
2	46	51
2	47	48
2	48	45
2	49	95
2	50	40
2	51	52
2	52	2
2	53	1
3	4	26
3	5	33
3	6	41
3	7	27
3	8	42
3	9	33
3	10	50
3	11	1
3	12	7
3	13	23
3	14	51
3	15	52
3	16	19
3	17	29
3	18	31
3	19	11
3	20	33
3	21	3
3	22	25
3	23	22
3	24	20
3	25	31
3	26	1
3	27	46
3	28	37
3	29	15
3	30	5
3	31	3
3	32	6
3	33	33
3	34	7
3	35	5
3	36	8
3	37	26
3	38	9
3	39	6
3	40	7
3	41	8
3	43	4
3	44	7
3	45	2
3	46	32
3	47	30
3	48	32
3	49	58
3	50	22
3	51	21
4	5	45
4	6	32
4	7	25
4	8	47
4	9	59
4	10	34
4	11	4
4	12	8
4	13	24
4	14	46
4	15	49
4	16	30
4	17	28
4	18	31
4	19	18
4	20	38
4	21	5
4	22	24
4	23	20
4	24	36
4	25	29
4	26	5
4	27	20
4	28	16
4	29	15
4	30	8
4	31	3
4	32	6
4	33	25
4	34	7
4	35	7
4	36	6
4	37	30
4	38	3
4	39	5
4	40	5
4	41	4
4	42	2
4	43	11
4	44	22
4	45	5
4	46	35
4	47	31
4	48	29
4	49	54
4	50	23
4	51	54
5	6	137
5	7	70
5	8	99
5	9	72
5	10	70
5	11	11
5	12	44
5	13	47
5	14	147
5	15	47
5	16	96
5	17	89
5	18	64
5	19	34
5	20	79
5	21	7
5	22	48
5	23	59
5	24	39
5	25	65
5	26	11
5	27	83
5	28	63
5	29	33
5	30	13
5	31	11
5	32	7
5	33	52
5	34	17
5	35	23
5	36	13
5	37	83
5	38	9
5	39	29
5	40	19
5	41	10
5	42	5
5	43	14
5	44	17
5	45	6
5	46	82
5	47	57
5	48	57
5	49	127
5	50	65
5	51	64
5	52	1
6	7	56
6	8	112
6	9	95
6	10	72
6	11	8
6	12	20
6	13	41
6	14	113
6	15	41
6	16	64
6	17	50
6	18	64
6	19	26
6	20	72
6	21	9
6	22	43
6	23	38
6	24	32
6	25	64
6	26	7
6	27	57
6	28	31
6	29	63
6	30	16
6	31	6
6	32	11
6	33	70
6	34	19
6	35	22
6	36	20
6	37	55
6	38	8
6	39	22
6	40	21
6	41	43
6	42	10
6	43	22
6	44	13
6	45	12
6	46	73
6	47	48
6	48	65
6	49	99
6	50	53
6	51	57
6	53	1
7	8	108
7	9	96
7	10	35
7	11	4
7	12	12
7	13	25
7	14	54
7	15	62
7	16	26
7	17	26
7	18	40
7	19	17
7	20	55
7	21	5
7	22	33
7	23	35
7	24	21
7	25	78
7	26	1
7	27	35
7	28	21
7	29	21
7	30	11
7	31	4
7	32	6
7	33	73
7	34	8
7	35	7
7	36	10
7	37	81
7	38	7
7	39	13
7	40	36
7	41	6
7	42	5
7	43	10
7	44	9
7	45	3
7	46	49
7	47	47
7	48	36
7	49	88
7	50	35
7	51	34
8	9	96
8	10	93
8	11	8
8	12	27
8	13	71
8	14	103
8	15	54
8	16	46
8	17	53
8	18	65
8	19	28
8	20	88
8	21	8
8	22	37
8	23	61
8	24	52
8	25	59
8	26	10
8	27	59
8	28	65
8	29	44
8	30	18
8	31	11
8	32	13
8	33	72
8	34	20
8	35	32
8	36	33
8	37	63
8	38	10
8	39	22
8	40	21
8	41	9
8	42	9
8	43	12
8	44	17
8	45	7
8	46	74
8	47	67
8	48	95
8	49	178
8	50	52
8	51	69
8	52	6
8	53	2
9	10	59
9	11	8
9	12	17
9	13	44
9	14	91
9	15	54
9	16	83
9	17	54
9	18	59
9	19	29
9	20	90
9	21	12
9	22	40
9	23	44
9	24	42
9	25	43
9	26	5
9	27	84
9	28	31
9	29	41
9	30	12
9	31	1
9	32	14
9	33	66
9	34	24
9	35	15
9	36	38
9	37	64
9	38	8
9	39	15
9	40	17
9	41	9
9	42	12
9	43	17
9	44	10
9	45	9
9	46	66
9	47	51
9	48	58
9	49	98
9	50	50
9	51	223
9	52	1
9	53	1
10	11	10
10	12	21
10	13	32
10	14	63
10	15	58
10	16	34
10	17	27
10	18	44
10	19	15
10	20	96
10	21	7
10	22	44
10	23	37
10	24	37
10	25	37
10	26	9
10	27	43
10	28	25
10	29	21
10	30	9
10	31	6
10	32	8
10	33	58
10	34	13
10	35	10
10	36	15
10	37	54
10	38	14
10	39	10
10	40	21
10	41	7
10	42	5
10	43	13
10	44	10
10	45	4
10	46	55
10	47	33
10	48	54
10	49	108
10	50	36
10	51	41
10	52	2
11	12	5
11	13	4
11	14	8
11	15	4
11	16	5
11	17	6
11	18	3
11	19	5
11	20	6
11	22	2
11	23	4
11	24	1
11	25	2
11	26	1
11	27	2
11	28	1
11	29	5
11	30	1
11	33	4
11	34	2
11	35	3
11	36	1
11	37	4
11	39	1
11	40	1
11	43	1
11	45	1
11	46	20
11	47	9
11	48	7
11	49	8
11	50	6
11	51	5
12	13	10
12	14	26
12	15	7
12	16	16
12	17	15
12	18	16
12	19	10
12	20	27
12	22	12
12	23	13
12	24	16
12	25	18
12	26	2
12	27	26
12	28	7
12	29	23
12	30	6
12	31	1
12	32	6
12	33	26
12	34	6
12	35	4
12	36	3
12	37	25
12	38	2
12	39	8
12	40	3
12	41	2
12	42	2
12	43	3
12	44	4
12	45	1
12	46	22
12	47	17
12	48	27
12	49	48
12	50	11
12	51	12
12	53	2
13	14	36
13	15	18
13	16	45
13	17	41
13	18	33
13	19	10
13	20	66
13	21	5
13	22	30
13	23	20
13	24	54
13	25	29
13	26	5
13	27	22
13	28	18
13	29	15
13	30	6
13	31	1
13	32	3
13	33	45
13	34	28
13	35	12
13	36	9
13	37	35
13	38	1
13	39	5
13	40	15
13	41	2
13	43	10
13	44	7
13	45	4
13	46	29
13	47	38
13	48	32
13	49	53
13	50	53
13	51	39
14	15	44
14	16	67
14	17	68
14	18	69
14	19	29
14	20	91
14	21	7
14	22	49
14	23	47
14	24	87
14	25	86
14	26	7
14	27	56
14	28	39
14	29	39
14	30	13
14	31	7
14	32	11
14	33	60
14	34	11
14	35	29
14	36	22
14	37	91
14	38	9
14	39	42
14	40	15
14	41	14
14	42	11
14	43	19
14	44	24
14	45	6
14	46	67
14	47	79
14	48	88
14	49	96
14	50	52
14	51	67
14	53	1
15	16	29
15	17	20
15	18	27
15	19	10
15	20	41
15	21	4
15	22	36
15	23	39
15	24	22
15	25	54
15	27	26
15	28	12
15	29	12
15	30	8
15	31	6
15	32	9
15	33	29
15	34	9
15	35	9
15	36	16
15	37	33
15	38	4
15	39	6
15	40	12
15	41	10
15	42	4
15	43	7
15	44	15
15	45	8
15	46	31
15	47	28
15	48	33
15	49	61
15	50	29
15	51	35
15	53	1
16	17	26
16	18	31
16	19	12
16	20	40
16	21	2
16	22	39
16	23	38
16	24	23
16	25	29
16	26	4
16	27	27
16	28	18
16	29	16
16	30	5
16	31	3
16	32	13
16	33	50
16	34	9
16	35	10
16	36	8
16	37	41
16	38	4
16	39	6
16	40	7
16	41	5
16	42	5
16	43	3
16	44	13
16	45	3
16	46	38
16	47	26
16	48	30
16	49	89
16	50	34
16	51	26
16	52	1
16	53	1
17	18	28
17	19	15
17	20	40
17	21	3
17	22	22
17	23	24
17	24	30
17	25	32
17	26	7
17	27	44
17	28	21
17	29	16
17	30	10
17	31	4
17	32	12
17	33	43
17	34	11
17	35	9
17	36	9
17	37	26
17	38	2
17	39	23
17	40	17
17	41	8
17	42	3
17	43	11
17	44	6
17	45	5
17	46	40
17	47	43
17	48	40
17	49	86
17	50	60
17	51	32
18	19	21
18	20	83
18	21	3
18	22	29
18	23	58
18	24	30
18	25	45
18	26	6
18	27	51
18	28	23
18	29	31
18	30	8
18	31	7
18	32	4
18	33	38
18	34	13
18	35	12
18	36	8
18	37	43
18	38	4
18	39	10
18	40	10
18	41	8
18	42	11
18	43	7
18	44	6
18	45	4
18	46	59
18	47	38
18	48	98
18	49	73
18	50	47
18	51	45
18	53	1
19	20	27
19	22	8
19	23	11
19	24	13
19	25	6
19	26	2
19	27	19
19	28	9
19	29	6
19	30	2
19	31	3
19	32	6
19	33	21
19	34	4
19	35	5
19	36	2
19	37	21
19	38	2
19	39	3
19	40	8
19	41	1
19	42	3
19	43	8
19	44	5
19	45	2
19	46	29
19	47	17
19	48	20
19	49	30
19	50	33
19	51	25
20	21	6
20	22	38
20	23	48
20	24	51
20	25	44
20	26	10
20	27	48
20	28	47
20	29	19
20	30	8
20	31	9
20	32	29
20	33	56
20	34	24
20	35	26
20	36	13
20	37	44
20	38	4
20	39	17
20	40	44
20	41	5
20	42	11
20	43	10
20	44	9
20	45	8
20	46	57
20	47	70
20	48	63
20	49	99
20	50	46
20	51	63
20	53	2
21	22	3
21	23	6
21	24	2
21	25	4
21	26	2
21	27	5
21	28	3
21	29	5
21	30	1
21	31	2
21	32	1
21	33	7
21	34	2
21	35	1
21	37	4
21	39	4
21	40	3
21	41	1
21	42	1
21	43	1
21	44	1
21	46	20
21	47	4
21	48	1
21	49	15
21	50	4
21	51	2
22	23	20
22	24	17
22	25	25
22	26	3
22	27	51
22	28	10
22	29	22
22	30	6
22	31	4
22	32	3
22	33	32
22	34	9
22	35	9
22	36	6
22	37	31
22	38	2
22	39	8
22	40	8
22	41	9
22	42	2
22	43	21
22	44	4
22	45	1
22	46	42
22	47	49
22	48	38
22	49	52
22	50	20
22	51	32
22	52	2
22	53	1
23	24	22
23	25	23
23	26	4
23	27	26
23	28	12
23	29	18
23	30	12
23	31	5
23	32	8
23	33	19
23	34	11
23	35	21
23	36	9
23	37	27
23	38	3
23	39	9
23	40	5
23	41	7
23	42	2
23	43	3
23	44	5
23	45	3
23	46	33
23	47	18
23	48	30
23	49	79
23	50	18
23	51	36
24	25	21
24	26	4
24	27	26
24	28	11
24	29	17
24	30	7
24	31	2
24	32	17
24	33	30
24	34	9
24	35	5
24	36	9
24	37	23
24	38	1
24	39	12
24	40	5
24	41	4
24	42	5
24	43	5
24	44	5
24	45	4
24	46	40
24	47	28
24	48	55
24	49	41
24	50	30
24	51	61
24	53	1
25	26	5
25	27	63
25	28	16
25	29	42
25	30	11
25	31	4
25	32	16
25	33	65
25	34	15
25	35	7
25	36	8
25	37	27
25	38	6
25	39	12
25	40	9
25	41	4
25	42	7
25	43	9
25	44	11
25	45	3
25	46	40
25	47	32
25	48	50
25	49	85
25	50	32
25	51	30
25	53	1
26	27	3
26	28	2
26	29	2
26	30	1
26	32	1
26	33	4
26	34	3
26	35	2
26	37	6
26	39	2
26	40	1
26	41	2
26	42	1
26	43	1
26	46	9
26	47	5
26	48	9
26	49	11
26	50	4
26	51	13
27	28	31
27	29	15
27	30	8
27	31	4
27	32	11
27	33	32
27	34	13
27	35	10
27	36	6
27	37	38
27	38	6
27	39	7
27	40	12
27	41	19
27	42	3
27	43	12
27	44	16
27	45	4
27	46	57
27	47	40
27	48	48
27	49	61
27	50	29
27	51	42
27	52	1
28	29	11
28	30	4
28	31	1
28	32	5
28	33	24
28	34	8
28	35	3
28	36	5
28	37	17
28	38	1
28	39	10
28	40	3
28	41	4
28	42	13
28	43	3
28	44	7
28	45	3
28	46	24
28	47	23
28	48	17
28	49	68
28	50	44
28	51	17
29	30	7
29	31	2
29	32	5
29	33	23
29	34	5
29	35	7
29	36	6
29	37	55
29	38	2
29	39	6
29	40	2
29	41	3
29	42	2
29	43	6
29	44	5
29	45	4
29	46	29
29	47	19
29	48	17
29	49	32
29	50	15
29	51	28
30	32	3
30	33	12
30	34	3
30	35	3
30	36	1
30	37	6
30	38	3
30	39	13
30	40	2
30	41	2
30	43	1
30	44	16
30	45	1
30	46	11
30	47	8
30	48	13
30	49	11
30	50	3
30	51	9
30	52	1
31	33	5
31	34	4
31	35	1
31	36	2
31	37	4
31	39	1
31	40	1
31	43	1
31	44	2
31	46	6
31	47	4
31	48	4
31	49	7
31	50	4
31	51	8
32	33	9
32	34	3
32	35	2
32	36	3
32	37	9
32	39	2
32	40	5
32	41	2
32	42	1
32	43	1
32	44	4
32	45	6
32	46	11
32	47	11
32	48	6
32	49	14
32	50	8
32	51	15
33	34	16
33	35	15
33	36	9
33	37	40
33	38	2
33	39	21
33	40	15
33	41	8
33	42	6
33	43	11
33	44	28
33	45	4
33	46	60
33	47	38
33	48	75
33	49	89
33	50	33
33	51	64
34	35	2
34	36	18
34	37	13
34	38	2
34	39	4
34	40	4
34	41	1
34	43	2
34	44	2
34	46	28
34	47	13
34	48	13
34	49	22
34	50	13
34	51	30
35	36	3
35	37	13
35	38	1
35	39	4
35	40	4
35	41	2
35	42	1
35	43	5
35	44	1
35	46	9
35	47	7
35	48	12
35	49	14
35	50	9
35	51	15
35	53	1
36	37	11
36	38	1
36	39	4
36	40	3
36	41	1
36	42	1
36	43	2
36	44	1
36	45	8
36	46	26
36	47	12
36	48	12
36	49	15
36	50	9
36	51	11
37	38	4
37	39	14
37	40	10
37	41	8
37	42	3
37	43	29
37	44	6
37	45	3
37	46	57
37	47	32
37	48	46
37	49	54
37	50	40
37	51	51
38	39	2
38	40	3
38	41	3
38	42	2
38	44	1
38	46	9
38	47	9
38	48	5
38	49	12
38	50	3
38	51	4
39	40	3
39	41	4
39	42	1
39	43	2
39	44	9
39	45	1
39	46	14
39	47	13
39	48	24
39	49	22
39	50	14
39	51	14
39	52	1
40	41	11
40	42	2
40	43	21
40	44	3
40	45	1
40	46	15
40	47	7
40	48	9
40	49	27
40	50	8
40	51	20
41	43	1
41	44	2
41	45	1
41	46	8
41	47	13
41	48	7
41	49	17
41	50	5
41	51	6
42	43	1
42	44	1
42	45	1
42	46	5
42	47	4
42	48	3
42	49	7
42	50	2
42	51	6
43	44	5
43	45	1
43	46	18
43	47	9
43	48	12
43	49	17
43	50	3
43	51	13
43	52	1
44	45	2
44	46	21
44	47	9
44	48	11
44	49	15
44	50	9
44	51	16
45	46	5
45	47	3
45	48	19
45	49	4
45	50	2
45	51	10
46	47	199
46	48	56
46	49	74
46	50	34
46	51	77
46	52	6
47	48	40
47	49	77
47	50	27
47	51	30
47	52	2
48	49	61
48	50	40
48	51	39
49	50	86
49	51	70
49	53	5
50	51	49
51	53	5
